1880    -.08
1881    -.11
1882    .03
1883    -.03
1884    -.39
1885    -.20
1886    -.24
1887    -.43
1888    -.22
1889    .09
1890    -.19
1891    -.51
1892    -.35
1893    -.35
1894    -.29
1895    -.29
1896    -.23
1897    -.13
1898    -.16
1899    -.22
1900    -.03
1901    -.02
1902    -.27
1903    -.35
1904    -.40
1905    -.24
1906    -.14
1907    -.39
1908    -.30
1909    -.30
1910    -.19
1911    -.24
1912    -.32
1913    -.28
1914    -.02
1915    .05
1916    -.20
1917    -.46
1918    -.33
1919    -.08
1920    -.17
1921    -.04
1922    -.09
1923    -.16
1924    -.12
1925    -.15
1926    .04
1927    -.05
1928    -.01
1929    -.22
1930    -.03
1931    .03
1932    .03
1933    -.12
1934    .02
1935    -.08
1936    .01
1937    .11
1938    .15
1939    -.02
1940    .14
1941    .11
1942    .10
1943    .06
1944    .11
1945    -.01
1946    .00
1947    .11
1948    -.03
1949    -.09
1950    -.17
1951    -.02
1952    .03
1953    .11
1954    -.09
1955    -.08
1956    -.18
1957    .07
1958    .09
1959    .05
1960    -.02
1961    .10
1962    .05
1963    .03
1964    -.25
1965    -.15
1966    -.08
1967    -.02
1968    -.09
1969    .01
1970    .04
1971    -.10
1972    -.05
1973    .18
1974    -.06
1975    -.02
1976    -.21
1977    .16
1978    .07
1979    .14
1980    .28
1981    .40
1982    .08
1983    .34
1984    .15
1985    .12
1986    .19
1987    .35
1988    .42
1989    .28
1990    .48
1991    .44
1992    .15
1993    .19
1994    .32
1995    .45
1996    .36
1997    .40
1998    .70
1999    .43
2000    .40
2001    .55
2002    .67
2003    .65
2004    .59
2005    .77
2006    .64
2007    .72
2008    .54
2009    .71
